        0.000000        0.002803     2161.277382       22.006733    10000.000000
        0.000667        0.002803     2161.277383       22.006733    10000.000000
        0.002000        0.002803     2161.495276       22.006733    10000.000000
        0.003333        0.002802     2161.928595       22.006733    10000.000000
        0.004667        0.002800     2162.572204       22.006733    10000.000000
        0.006000        0.002798     2163.418315       22.006733    10000.000000
        0.007333        0.002796     2164.460489       22.006733    10000.000000
        0.008583        0.002793     2165.660444       22.006733    10000.000000
        0.009750        0.002790     2166.902421       22.006733    10000.000000
        0.010917        0.002787     2168.304244       22.006733    10000.000000
        0.012083        0.002783     2169.869001       22.006733    10000.000000
        0.013250        0.002778     2171.607632       22.006733    10000.000000
        0.014417        0.002773     2173.538723       22.006733    10000.000000
        0.015833        0.002766     2176.034957       22.006733    10000.000000
        0.017500        0.002755     2179.762800       22.006733    10000.000000
        0.019167        0.002739     2184.635471       22.006733    10000.000000
        0.020833        0.002716     2190.971521       22.006733    10000.000000
        0.022500        0.002694     2196.480812       22.006733    10000.000000
        0.024167        0.002676     2200.658439       22.006733    10000.000000
        0.025375        0.002666     2202.863569       22.006733    10000.000000
        0.026125        0.002660     2204.077396       22.006733    10000.000000
        0.026875        0.002654     2205.229539       22.006733    10000.000000
        0.027625        0.002649     2206.349809       22.006733    10000.000000
        0.028625        0.002642     2207.799920       22.006733    10000.000000
